"chromosome"	"start.pos"	"end.pos"	"Bf"	"N.BAF"	"sd.BAF"	"depth.ratio"	"N.ratio"	"sd.ratio"	"CNt"	"A"	"B"	"LPP"
"1"	1	12000001	0.423164218132995	8594	0.0684685062975103	0.99514155149077	257215	0.18568407540793	2	1	1	-6.79036976737662
"1"	12500001	17000001	0.408027357672552	3559	0.0787306801510271	0.996904589981334	92228	0.162818270697391	2	1	1	-6.80035600334658
"1"	17500001	65000001	0.422412482306447	33022	0.0710204424793801	0.993739010975024	1048756	0.161887572185872	2	1	1	-6.97026432149078
"1"	65500001	116000001	0.42101571398091	34158	0.0709597286284188	0.981177322710596	1110262	0.164794605635718	2	1	1	-6.74274290291497
"1"	116500001	121000001	0.416604202218107	2979	0.0770805364339454	0.987698684256326	96791	0.157048316439427	2	1	1	-6.75213501572692
"1"	142000001	149000001	0.347197856038145	2718	0.112065107750984	0.979013778917326	98340	0.158280954203722	2	2	0	-6.91245798687266
"1"	149500001	186000001	0.421596913029584	24403	0.0718049033721033	0.989988428647603	805919	0.164493256987649	2	1	1	-6.83619007262548
"1"	186500001	198500001	0.418956645603633	7229	0.0742674262045766	0.974117806979836	263188	0.173671238053439	2	1	1	-6.74554124977876
"1"	199000001	249240611	0.421465963228187	39231	0.0706799629064409	1.00022706948933	1102107	0.16798844314775	2	1	1	-7.19350551801359
"2"	1	17000001	0.422935983272305	15574	0.0684269278221204	1.02444386678545	374072	0.167936691834613	2	1	1	-7.40130262521517
"2"	17500001	86500001	0.422471641278012	54885	0.0687149802324326	0.987382817543878	1530801	0.16573260306563	2	1	1	-6.84422019580753
"2"	87000001	92000001	0.392334819392409	1669	0.0941455233326313	0.988496196507678	78343	0.170419590387454	2	1	1	-6.82203865537222
"2"	94500001	99000001	0.401955100639215	1220	0.0982437373109176	0.98546575219611	79856	0.161110136659171	2	1	1	-6.77569591239044
"2"	99500001	182500001	0.420839501773751	57563	0.070910965056011	0.979961447128441	1824413	0.164055415748256	2	1	1	-6.73921321848908
"2"	183000001	187500001	0.405920405452294	2803	0.0825308777736354	1.06001878777949	98829	0.205612343492026	2	1	1	-7.15037926830092
"2"	188000001	243189270	0.421600309303258	39115	0.0705867456178077	0.981178200778612	1215850	0.16531213701893	2	1	1	-6.74251267638678
"3"	1	36500001	0.421591170469123	32735	0.070063064918	0.973061436387541	812775	0.162166490722569	2	1	1	-6.76651750061597
"3"	37000001	41500001	0.418374793691725	1916	0.0791996153298237	0.979362360052856	98036	0.160602082167079	2	1	1	-6.73981281505311
"3"	42000001	74000001	0.422877635817561	24709	0.0685212305683998	0.983064982450532	707873	0.161633124494148	2	1	1	-6.74787167112736
"3"	74500001	85500001	0.409972696925016	5683	0.08165619243612	0.967755054207076	240438	0.169126211915229	2	1	1	-6.78875242023801
"3"	86000001	90500001	0.414437353251657	2319	0.0799188430981108	0.966032807635086	98140	0.167552291587935	2	1	1	-6.76425480823994
"3"	93000001	191500001	0.420190519472934	68719	0.071729882483543	0.97677517765913	2163405	0.166786271391685	2	1	1	-6.74861780040908
"3"	192000001	197960318	0.413973925339384	4553	0.0772434453829674	0.985208853609167	131635	0.167707817453359	2	1	1	-6.75465508775068
"4"	1	11000001	0.352512220985349	10227	0.091289998071217	0.786588200344372	241214	0.142739441287663	1	1	0	-6.90926201909051
"4"	11500001	44500001	0.350232821099375	21376	0.0906763094037621	0.768019237882471	724305	0.141215383912735	1	1	0	-6.74214798202185
"4"	45000001	49500001	0.346047731847918	1843	0.0940072182345505	0.780957707403776	94793	0.149457156870105	1	1	0	-6.77978289255276
"4"	52000001	186000001	0.419806552394947	95430	0.0718815681903324	0.971904361509274	2938862	0.168517936949973	2	1	1	-6.88297799557454
"4"	186500001	191044268	0.36578823018854	7507	0.0899020397147968	0.973161409753956	104126	0.161494986022668	2	1	1	-7.00095870776123
"5"	1	17000001	0.423014332390328	15118	0.067446995311578	0.984853559530048	377020	0.163037614145045	2	1	1	-6.74873604141496
"5"	17500001	30000001	0.414428612686192	9063	0.0735045073690047	0.96247251575172	274240	0.173459429596281	2	1	1	-6.82095046276347
"5"	30500001	46000001	0.421986695902854	11765	0.0707097690024231	0.978073738043786	342379	0.164409763464181	2	1	1	-6.73607357162334
"5"	48500001	68500001	0.422016779293994	13692	0.0715901713434636	0.981201329364642	421691	0.166626367413711	2	1	1	-6.73796945344877
"5"	69000001	73500001	0.421748257259989	2085	0.071362725086595	0.979902772607216	80110	0.177923377392443	2	1	1	-6.73610225706725
"5"	74000001	130500001	0.420022125118752	40335	0.0722136689669223	0.977827276860924	1245730	0.173505279584278	2	1	1	-6.73978291948836
"5"	131000001	180905232	0.422112614689765	38011	0.0713375726697639	0.989485813547809	1100438	0.176553179076528	2	1	1	-6.84366437527455
"6"	1	53500001	0.419244721419938	45803	0.0723803924166631	0.984149515967861	1188545	0.163869660319309	2	1	1	-6.77286660722753
"6"	54000001	58500001	0.367256022660288	6630	0.0916312615629269	0.970828959829975	101835	0.167003749704624	2	1	1	-6.98288754116729
"6"	61000001	171053427	0.42055424176689	79203	0.0713715687846824	0.976143335859	2399974	0.167499198359243	2	1	1	-6.75697870416303
"7"	1	53000001	0.421728704935687	44955	0.0692318823551969	0.984483104898683	1175643	0.166771637188059	2	1	1	-6.77230311258198
"7"	53500001	58000001	0.413417667635848	2450	0.0856404034807409	0.973718764574944	98731	0.162010553145506	2	1	1	-6.75057556073603
"7"	60500001	69500001	0.395229611644271	5965	0.0889181076272558	0.979124420376719	180184	0.168494718256288	2	1	1	-6.80768326852722
"7"	70000001	100500001	0.391324261854609	20156	0.0817902647728378	1.18439848808572	665988	0.199555543510548	3	2	1	-6.75180344067215
"7"	101000001	159128595	0.427953027125211	48181	0.0685875200578886	1.38351508310717	1282853	0.220593273401033	4	2	2	-6.83096549600102
"8"	1	43500001	0.421070070429501	44951	0.0686459821968044	0.98338277510801	964245	0.166168618530446	2	1	1	-6.75640119655087
"8"	46000001	50500001	0.417700113683182	1193	0.0823408169502125	0.981560206308343	79559	0.163032199408721	2	1	1	-6.74105018940826
"8"	51000001	94000001	0.420685196509778	30975	0.0714549280356585	0.977160159274356	944572	0.167693878863046	2	1	1	-6.74048433853057
"8"	94500001	108500001	0.421535558290669	10385	0.0719264821075175	0.994974933394945	309383	0.167219072036428	2	1	1	-6.81437580382704
"8"	109000001	113500001	0.382720982679727	356	0.136562218652239	0.982958342827858	96680	0.171336393373936	2	1	1	-6.79640106551304
"8"	114000001	122500001	0.422153133748355	5860	0.067931741296544	0.987997370603793	187178	0.168847488608101	2	1	1	-6.75091562355007
"8"	123000001	146303984	0.423590694147358	20272	0.0680128821937046	1.00351268742549	513724	0.164355825093132	2	1	1	-7.03643393614575
"9"	1	38500001	0.420935567103996	33250	0.0696799542972032	0.978581631495883	856354	0.16729659482695	2	1	1	-6.73737945081821
"9"	39000001	47000001	0.336481286508908	81	0.144281554522082	0.963052432574422	120576	0.188483682348883	2	2	0	-6.84451254146354
"9"	64500001	70000001	0.317304429828185	378	0.117262796589517	0.956708823998208	57084	0.229090471404394	2	2	0	-6.81129334408662
"9"	70500001	123000001	0.422148433371259	39216	0.0696490010663819	0.983891907298775	1149756	0.164151825329057	2	1	1	-6.7651581848743
"9"	123500001	141151053	0.421229378843872	13217	0.0720593744493428	0.995556379720902	385790	0.166916020582349	2	1	1	-6.84224142027728
"10"	1	39000001	0.420897538135228	33197	0.0697513595176433	0.982434923439917	860523	0.16655207372787	2	1	1	-6.74792520305187
"10"	41500001	47000001	0.416285611463445	3054	0.0754343885766413	0.983389329219469	100804	0.15859815850056	2	1	1	-6.74732139751018
"10"	47500001	63500001	0.422301751020776	11424	0.067796033031532	0.97466988785072	328006	0.17315456308915	2	1	1	-6.7418055297673
"10"	64000001	68500001	0.417550862653965	1544	0.0786264564087458	0.971691068723181	97661	0.167512230051333	2	1	1	-6.74663032242096
"10"	69000001	135524733	0.421274437710745	48646	0.0703099626735266	0.984395076108185	1464121	0.163707011720864	2	1	1	-6.78215250829266
"11"	1	46500001	0.394543049949742	40714	0.0777763030950018	1.19352610816593	1029950	0.199280976994156	3	2	1	-6.74709954525434
"11"	47000001	51500001	0.373575679618745	3181	0.097275000694244	1.16230641195631	93019	0.197349501662643	3	2	1	-6.82109686138758
"11"	54000001	58500001	0.385486538273192	2670	0.0894541116963762	1.18220537526312	84331	0.19817998886485	3	2	1	-6.75638122582931
"11"	59000001	76000001	0.392967596389512	11940	0.0796520708270878	1.20557083765987	374905	0.195992260947755	3	2	1	-6.78890650409097
"11"	76500001	134946114	0.351386892859593	37374	0.0890429506526304	0.775715037244714	1280525	0.140378008645572	1	1	0	-6.89273016660884
"12"	1	6500001	0.42156073608843	6051	0.0685278884050569	0.992524523559563	142684	0.162531130055581	2	1	1	-6.76437839480267
"12"	7000001	34500001	0.419545672179212	21422	0.0706098725396141	0.9785365040903	608501	0.167976138434066	2	1	1	-6.73944279464917
"12"	37000001	103500001	0.42030235195512	43294	0.0722361432395131	0.976909434386693	1444778	0.167361496267565	2	1	1	-6.74407527703171
"12"	104000001	118500001	0.42374339398127	11701	0.0679238735024353	0.989952406788461	321799	0.163062220985856	2	1	1	-6.77481175499259
"12"	119000001	123500001	0.417446877331711	1930	0.0782246964819782	0.987209861701872	97345	0.16730541458852	2	1	1	-6.74837301756722
"12"	124000001	133841463	0.422568949018959	9353	0.0684383793448405	0.987743062755181	217311	0.163166604333707	2	1	1	-6.75298251762117
"13"	18500001	53500001	0.420611575549819	27270	0.0712358811081373	0.983940858325431	763955	0.16504791479497	2	1	1	-6.75738761702913
"13"	54000001	93500001	0.419407923124092	26594	0.0710588208052831	0.969476126855333	865915	0.172603387707474	2	1	1	-6.81383989660876
"13"	94000001	110000001	0.42234808951665	13015	0.0679581844128805	0.981142195812183	354686	0.165344796375115	2	1	1	-6.73734331907374
"13"	110500001	115109859	0.421419506410513	3552	0.0693338710310194	1.006379987586	94400	0.170480814654215	2	1	1	-6.80842233261165
"14"	18500001	23000001	0.398986798804894	3073	0.0845839047202664	0.998598424516479	88642	0.174099245057928	2	1	1	-6.83212692967914
"14"	23500001	49000001	0.419708414760777	18070	0.0725329059438376	0.970997195452672	562393	0.176890803279472	2	1	1	-6.77112153012566
"14"	49500001	102000001	0.422391537000166	41417	0.0689986632173279	0.980374650907324	1165110	0.163281118250751	2	1	1	-6.7379547109759
"14"	102500001	107289535	0.417418423784328	3703	0.0757963011845756	0.996714769545507	106197	0.176473647153844	2	1	1	-6.77187464977271
"15"	19500001	24000001	0.339415284087188	1713	0.116452465538087	0.967871821517978	64745	0.175272343063713	2	2	0	-6.87268423507471
"15"	24500001	56500001	0.420176186496258	23870	0.0714245500151278	0.979255194241462	702993	0.165800887325922	2	1	1	-6.73823536293231
"15"	57000001	102521375	0.422622742081751	35630	0.0692208211514257	0.9879594015943	999715	0.163642200481426	2	1	1	-6.81955569622628
"16"	1	4500001	0.356973407663787	2483	0.0884457424091865	0.7863772783346	97586	0.150109178348907	1	1	0	-6.79726254778068
"16"	5000001	30000001	0.420116525648701	22145	0.0689445685733698	0.983036064801368	548566	0.168025723476353	2	1	1	-6.74783663281633
"16"	30500001	35000001	0.285022569905099	2074	0.127443681894222	0.976320217128694	93234	0.152895129510781	2	2	0	-6.73386697875905
"16"	45500001	50000001	0.41964449332972	2222	0.0751889953174317	0.98536159764256	79794	0.160177099158149	2	1	1	-6.74292020564167
"16"	50500001	69000001	0.423416689560584	14230	0.0680044697939725	0.984344041637294	409245	0.164262076207791	2	1	1	-6.7468890253246
"16"	69500001	74000001	0.3974869647341	3916	0.0912345554831148	0.987665174035607	100067	0.162657733685177	2	1	1	-6.80229276903746
"16"	74500001	90294664	0.423214163900855	20247	0.0658114892686321	0.993578305410594	355714	0.166056616513371	2	1	1	-6.80944482182204
"17"	1	17000001	0.421227222872186	15078	0.0685480933166083	0.988974634107418	377256	0.166864839140402	2	1	1	-6.77474327799974
"17"	17500001	22000001	0.38190100798367	3157	0.0945124722570531	0.990687229105912	96800	0.171176073746208	2	1	1	-6.87846333711257
"17"	24500001	30500001	0.382106524193217	2674	0.085372414648742	1.24035925326511	115050	0.201096898250262	3	2	1	-6.91855031622649
"17"	31000001	46000001	0.374954421914675	12145	0.083218083108072	1.29359526320732	329092	0.208154990561632	4	3	1	-7.86991498790823
"17"	46500001	56000001	0.29361285659917	8084	0.0748019825067495	1.69533473398857	212016	0.274134122964715	5	4	1	-6.9382385830281
"17"	56500001	81195148	0.336935557896112	21615	0.0801042668742007	1.4626560816698	547300	0.232709560407536	4	3	1	-7.2303268456572
"18"	1	15000001	0.420790256798334	13068	0.0699472384773367	0.986753251590947	333513	0.167230760250032	2	1	1	-6.75764394971892
"18"	18000001	78017142	0.422095639508914	44348	0.0699869061228263	0.984715853271239	1309293	0.166055804495061	2	1	1	-6.78039063567036
"19"	1	4500001	0.414009964287445	2608	0.0730866769878524	0.936425296175625	94499	0.183175279723887	2	1	1	-6.905990095345
"19"	5000001	19500001	0.418383907142901	10619	0.0715334430314741	0.979897928934005	319559	0.175834466870749	2	1	1	-6.7415642551794
"19"	20000001	24500001	0.414213491031743	3669	0.07697043866143	0.96615051317281	98926	0.170576432069815	2	1	1	-6.76503982689471
"19"	27000001	46000001	0.41825036188053	13274	0.0753512209152575	0.977019702731958	403371	0.163466174499271	2	1	1	-6.74239047207552
"19"	46500001	51000001	0.415703963449304	3097	0.0714035283818741	0.931670836852795	98879	0.167758994193264	2	1	1	-6.97380479297062
"19"	51500001	59118281	0.415491784086372	6807	0.0737498334437641	0.913519664767083	169135	0.157900562600888	2	1	1	-7.51670587722839
"20"	1	19500001	0.42155647480135	17603	0.0681856109025453	0.967356065690024	433152	0.16120194245801	2	1	1	-6.79982496937205
"20"	20000001	26000001	0.422550176817287	4917	0.0701977365833286	0.976099216831473	133519	0.16064707034768	2	1	1	-6.7364050268411
"20"	28500001	33000001	0.412712445635457	2244	0.0735208800601002	0.988343123232663	75811	0.16379267559775	2	1	1	-6.76410325667293
"20"	33500001	62965490	0.422534911622215	23895	0.0688574988432908	0.991532433418709	651705	0.162584781173241	2	1	1	-6.84242423745478
"21"	8500001	11000001	0.33202649753687	967	0.114829633907224	0.96242637754723	27250	0.142650654053542	2	2	0	-6.85335392064284
"21"	13500001	18000001	0.416059254776687	2236	0.077223512558113	0.972934289985476	79828	0.175827929964158	2	1	1	-6.74791013814274
"21"	18500001	31500001	0.420884059492814	12119	0.0675394064157346	0.971096307997065	289939	0.171284787364674	2	1	1	-6.75482391879292
"21"	32000001	48119782	0.42258690730787	15307	0.0676158270603292	0.98914572380565	357959	0.163899844958283	2	1	1	-6.77373177968145
"22"	15500001	20000001	0.414990037503043	2089	0.0793026193171588	0.987885285021136	81718	0.175757091599149	2	1	1	-6.7534857030779
"22"	20500001	51244197	0.421217461786688	25017	0.0700620711171193	0.993446306081518	677196	0.167420460572231	2	1	1	-6.87570684753046
