"chromosome"	"start.pos"	"end.pos"	"Bf"	"N.BAF"	"sd.BAF"	"depth.ratio"	"N.ratio"	"sd.ratio"	"CNt"	"A"	"B"	"LPP"
"1"	1	12000001	0.422891136048322	8713	0.0687258983120609	0.993074353087651	257578	0.16817781326404	2	1	1	-6.95257129455868
"1"	12500001	17000001	0.40897944296723	3558	0.0804298383016181	0.978500366160355	92263	0.161192529724123	2	1	1	-6.78091066174327
"1"	17500001	55500001	0.422804945930652	25937	0.0715286262182692	0.993654588319234	838199	0.163495557989164	2	1	1	-7.43558041178963
"1"	56000001	116000001	0.421570630772872	41432	0.0701180476377754	0.970705047492553	1320466	0.164440159476501	2	1	1	-6.8006767867583
"1"	116500001	121000001	0.419094507372938	2977	0.0745854035869696	0.96519415069459	97143	0.155631371277445	2	1	1	-6.73727938141712
"1"	142000001	149000001	0.346396986348624	2728	0.112618963202674	0.948442967554007	98514	0.157044274565216	2	1	1	-7.05731035957763
"1"	149500001	243000001	0.421616043174293	65665	0.0713597230958371	0.972530984618365	2055379	0.165021845781047	2	1	1	-6.89556296531515
"1"	243500001	249240611	0.409264349942831	5329	0.0743112821522714	1.02862825008441	124740	0.222148508336294	2	1	1	-7.04214605517406
"2"	1	86500001	0.422665691100475	70962	0.0684771359468101	0.977119157623677	1915015	0.166303071592446	2	1	1	-7.06538380631754
"2"	87000001	92000001	0.392910124548665	1650	0.0993810365890004	0.950215091386972	78252	0.157748666884866	2	1	1	-6.82015109613711
"2"	94500001	99000001	0.404574243732468	1212	0.0994116210663703	0.968069370064722	80010	0.161486458993584	2	1	1	-6.7607494547408
"2"	99500001	183500001	0.421098803246814	58339	0.0707639995930296	0.964847902403802	1845847	0.16418305959049	2	1	1	-6.73703685372254
"2"	184000001	188500001	0.372697579291851	2379	0.0924374022414219	1.12068334827012	98377	0.265418802737673	3	2	1	-7.66269579471016
"2"	189000001	243189270	0.42221674931997	39016	0.0704406859216189	0.977247570338548	1194495	0.166230418649671	2	1	1	-6.95018156058515
"3"	1	37000001	0.421717532312815	33158	0.0696090727893252	0.968052176909759	823051	0.164132154482682	2	1	1	-6.75005750143295
"3"	37500001	74000001	0.423096832016186	27034	0.0691464976682149	0.985161025157541	806237	0.162648711253692	2	1	1	-7.10530712678197
"3"	74500001	85500001	0.405087310463968	5599	0.0841992992667913	0.951677771132146	240162	0.168734665887272	2	1	1	-6.80435880417512
"3"	86000001	90500001	0.41153318894869	2314	0.0835948674368547	0.933487119603756	98182	0.167095613183025	2	1	1	-6.84656243175679
"3"	93000001	141000001	0.421572838514854	34087	0.0707624419758792	0.97319924176025	1048702	0.164641881044324	2	1	1	-6.83191021921717
"3"	141500001	191000001	0.419888733402198	33747	0.0730568887225582	0.953640646386241	1091096	0.165492843677054	2	1	1	-6.85685530634258
"3"	191500001	197960318	0.413466874454802	4973	0.077396683717694	0.975710869341052	142622	0.167882011047814	2	1	1	-6.76730131730309
"4"	1	9500001	0.222189455601434	6100	0.113201782313052	0.621488927728548	205122	0.129849298772958	1	1	0	-7.06763473352186
"4"	10000001	44500001	0.192800430851986	13055	0.0847274209798485	0.598856922764646	748435	0.125061827399137	1	1	0	-6.78345225896335
"4"	45000001	49500001	0.190094086594931	1022	0.0872273929066914	0.624018649961404	93822	0.147102193713369	1	1	0	-6.89204662469093
"4"	52000001	168000001	0.419611977560114	80008	0.072347902742086	0.953797139361305	2538988	0.168524736264727	2	1	1	-6.99486822631261
"4"	168500001	186000001	0.421060052147316	15282	0.0680910383549196	0.976266336817742	388795	0.172053540817369	2	1	1	-6.79276697278883
"4"	186500001	191044268	0.367377578558699	7467	0.0891464966752391	0.954987714613582	103992	0.164796968217304	2	1	1	-6.98406598642827
"5"	1	18000001	0.421950598918026	15872	0.0687392126769858	0.967795340991017	398234	0.168862158175371	2	1	1	-6.74067713788931
"5"	18500001	46000001	0.418456109077482	20657	0.0719935316326669	0.947622875891507	607592	0.167317184580561	2	1	1	-6.90369375341075
"5"	48500001	67000001	0.42142398542802	12717	0.0710062814783026	0.964146852860876	388425	0.166042624481816	2	1	1	-6.73477447871019
"5"	67500001	72000001	0.422570378547314	1789	0.0704604470993295	0.986555832245051	79545	0.182764875670294	2	1	1	-6.77735872678585
"5"	72500001	131000001	0.420336763611493	42235	0.0715450739467333	0.961933232742609	1289665	0.167693754840225	2	1	1	-6.74078545273829
"5"	131500001	180905232	0.422578150530673	37862	0.0702886111824192	0.985404357373547	1088840	0.164934033584125	2	1	1	-7.22425289301439
"6"	1	23000001	0.358077885291747	22243	0.081876225968493	1.31180687386181	512572	0.211104347776574	3	2	1	-6.76634689326225
"6"	23500001	53500001	0.417407729834257	24673	0.0737570281338635	0.978613203901592	666411	0.171096529845465	2	1	1	-6.87845586430831
"6"	54000001	58500001	0.367856433334181	6628	0.0911380278073201	0.95766864095857	101614	0.166950644245129	2	1	1	-6.96574011327037
"6"	61000001	68000001	0.418137604461324	4153	0.0706016736261676	0.940057248049323	133914	0.171562912719671	2	1	1	-6.8269363765726
"6"	68500001	171053427	0.420321791583942	74754	0.0714406983862025	0.963127144429113	2254857	0.166922656728549	2	1	1	-6.7371023299322
"7"	1	53000001	0.421563790947524	45235	0.0691747605581013	0.976245443975247	1176000	0.168576912577163	2	1	1	-6.9119169181316
"7"	53500001	58000001	0.412525459656407	2380	0.0861097457267141	0.925108258435557	98692	0.15908449718064	2	1	1	-6.92046280560301
"7"	60500001	68500001	0.393092882843328	5364	0.0897959603987151	0.940887830021565	157918	0.169152653044603	2	1	1	-6.9048566698285
"7"	69000001	74000001	0.345737216162778	3250	0.0890116058084884	1.18895061102852	109960	0.308737840622203	3	2	1	-7.10159681701515
"7"	74500001	100500001	0.354348092461303	17304	0.0854688776709118	1.33075570784059	569675	0.223508274773201	3	2	1	-6.74250921717119
"7"	101000001	159128595	0.433684929505503	48663	0.0667333805767509	1.69705528980271	1284114	0.272083124481122	4	2	2	-6.76012254770029
"8"	1	43500001	0.421254469584157	45151	0.068439234968298	0.972958113005304	964376	0.166763458870792	2	1	1	-6.81683285464536
"8"	46000001	50500001	0.415335391201906	1202	0.0831663463067845	0.928546073023337	79554	0.157410356199331	2	1	1	-6.88954543593981
"8"	51000001	108000001	0.420328565341078	41341	0.0722780283996674	0.960174792438051	1253623	0.167283289266923	2	1	1	-6.75360507812315
"8"	108500001	113000001	0.395998013681302	481	0.117592516216222	0.949035466228728	96760	0.166482281978668	2	1	1	-6.79313578616928
"8"	113500001	122000001	0.421560986990828	5613	0.067816721604489	0.939211767773235	186952	0.162908699704137	2	1	1	-6.86098796105862
"8"	122500001	146303984	0.423074052680947	20606	0.0686169189800664	0.976145836429569	524567	0.163536603116055	2	1	1	-6.81814802401498
"9"	1	38500001	0.421429745830737	33268	0.0689055502769588	0.967262082331788	855892	0.168769107004872	2	1	1	-6.7449164106232
"9"	39000001	47000001	0.319140621387808	76	0.137680557686669	0.916975487333791	120547	0.183128296941836	2	1	1	-7.40582182325137
"9"	64500001	70000001	0.322857572109334	380	0.115799389691677	0.911192493795503	57116	0.22757983548532	2	1	1	-7.36328687012435
"9"	70500001	79500001	0.421481359283974	6251	0.0680264681611145	0.949541373297822	193217	0.166526453547549	2	1	1	-6.77811410135066
"9"	80000001	84500001	0.405063852954182	3025	0.0944171256698024	0.89684690917645	98898	0.208603976127795	2	1	1	-7.06623227466712
"9"	85000001	127500001	0.422195768782283	32512	0.0691347491006573	0.972442300453172	934649	0.162607019188185	2	1	1	-6.80909599375767
"9"	128000001	141151053	0.421563344710352	10270	0.0724281021514092	1.00615629681938	285986	0.182656557968839	2	1	1	-7.14191115215194
"10"	1	34000001	0.420603455384448	30341	0.0700051926207199	0.963080633811714	751338	0.169363012513858	2	1	1	-6.73608983610676
"10"	34500001	39000001	0.41530758331187	2264	0.0770422779894619	0.940962224324867	97613	0.163447405211636	2	1	1	-6.80077082279254
"10"	41500001	47000001	0.415789230160981	3025	0.0804254395152483	0.958708275402794	100970	0.157339167254026	2	1	1	-6.74507563084252
"10"	47500001	63500001	0.417136602117636	11571	0.0716069460490332	0.984829452720837	327761	0.194778451683121	2	1	1	-6.85568253475399
"10"	64000001	68500001	0.414769303538464	1549	0.0825042205761187	0.953178975649165	97610	0.16497357962412	2	1	1	-6.7549114560052
"10"	69000001	135524733	0.421407223736963	49083	0.0712035155342624	0.979198747285638	1464513	0.165183949911787	2	1	1	-7.07908023194658
"11"	1	46500001	0.35771812846892	41413	0.0804485807427109	1.3409392510381	1031545	0.219276516947826	3	2	1	-6.8131685859639
"11"	47000001	51500001	0.341030090088639	3168	0.0968891754967865	1.24820559224224	93321	0.234429167489245	3	2	1	-6.93120586977156
"11"	54000001	59000001	0.34855668731242	3238	0.0879884191555483	1.30160840600188	95539	0.225100082475661	3	2	1	-6.76522031003075
"11"	59500001	71000001	0.355641627942377	8020	0.0828131046018893	1.3740094818323	252852	0.222851966640546	3	2	1	-6.91179323451802
"11"	71500001	76000001	0.298156186848403	3108	0.0764041962947481	1.70063177491729	99617	0.29482301378014	4	3	1	-6.75103259356119
"11"	76500001	134946114	0.192860840692019	23346	0.0846334021063003	0.611322520188848	1266073	0.132158850962438	1	1	0	-7.14198493214932
"12"	1	7000001	0.422612998003568	6340	0.0701057644608229	0.987883691252992	153821	0.164074385592255	2	1	1	-6.82699013257352
"12"	7500001	34500001	0.419529261810106	21165	0.0703716950095047	0.961735412178959	598535	0.166288409046864	2	1	1	-6.73978032428991
"12"	37000001	46500001	0.418761778228324	6005	0.0737508694995035	0.95762043689668	190457	0.168754840601893	2	1	1	-6.74603524463436
"12"	47000001	58500001	0.4243479867207	7411	0.0699644710751252	0.996338391850624	254082	0.170991238700732	2	1	1	-6.98179542256796
"12"	59000001	118000001	0.421138514946143	40971	0.0716243046339286	0.96290908119427	1299949	0.165543107408955	2	1	1	-6.73621693181292
"12"	118500001	123000001	0.419499230046563	2348	0.0749951182543989	0.985923697980917	98020	0.169336113025624	2	1	1	-6.78437989212772
"12"	123500001	133841463	0.423130681827359	9595	0.0690397562644596	0.989325389585326	228608	0.166375130550624	2	1	1	-6.88231516256989
"13"	18500001	29000001	0.418042111895239	9079	0.0729255931399316	0.943907439113297	222734	0.163118491367965	2	1	1	-6.84063423744598
"13"	29500001	51500001	0.421729187784809	16875	0.0700630842865139	0.975370490797714	486324	0.166843797202736	2	1	1	-6.80065881941406
"13"	52000001	89500001	0.418916973884402	24882	0.0720781127153967	0.948436933045447	820587	0.169425281851255	2	1	1	-6.93481343323877
"13"	90000001	115109859	0.422386151810198	19863	0.0682558552898686	0.965687794366883	548668	0.166387686174407	2	1	1	-6.73602107368117
"14"	18500001	26500001	0.411086787738954	6270	0.077320133491054	0.979677897504834	166541	0.174350623465104	2	1	1	-6.79456449570958
"14"	27000001	50000001	0.12290444283752	14699	0.0653562680409437	0.945808552749415	505038	0.174901226614841	2	2	0	-6.89070125944655
"14"	50500001	107289535	0.117848922388356	42723	0.0616367922930605	0.986854260097422	1257974	0.169881404020411	2	2	0	-7.33506624721774
"15"	19500001	24000001	0.341308243063074	1679	0.112414196600226	0.921083598888325	64658	0.171366835013238	2	1	1	-7.23362955149332
"15"	24500001	29000001	0.416999552975853	3332	0.0752638519221246	0.943355549528762	98514	0.163368417943604	2	1	1	-6.78656077085424
"15"	29500001	102521375	0.422819723839335	56670	0.0693458668138048	0.981295135425872	1606294	0.166481487852905	2	1	1	-7.20330694582384
"16"	1	4500001	0.185729530438181	1542	0.0835060789640871	0.617751200208697	96552	0.128312437755009	1	1	0	-6.85275054093963
"16"	5000001	30000001	0.418813325606516	22002	0.0727562431414021	0.955494626569424	547941	0.171270872526294	2	1	1	-6.77623231405989
"16"	30500001	35000001	0.279269541060984	2046	0.129385550369785	0.943794829573741	93249	0.156043878415716	2	1	1	-7.4618112772389
"16"	45500001	50000001	0.418504230259001	2202	0.0786752909745892	0.957292706566515	80123	0.156272439547608	2	1	1	-6.7425455086232
"16"	50500001	67000001	0.424790607630781	13302	0.0671466392662171	0.975747584252553	365749	0.164794992818029	2	1	1	-6.78737550949852
"16"	67500001	72000001	0.392697870005639	3442	0.0929499167546882	0.98496869256556	99873	0.167802415300969	2	1	1	-6.85025489782393
"16"	72500001	90294664	0.423867178219598	21729	0.0662589099542092	0.980319272968317	399751	0.165799341378088	2	1	1	-6.8426743764456
"17"	1	17000001	0.421756641091282	15085	0.0689094452096461	0.968748716768201	377566	0.167758823229603	2	1	1	-6.74381855630988
"17"	17500001	22000001	0.38095193504579	3149	0.0948980102199304	0.973197686627059	96703	0.170500626202453	2	1	1	-6.86942036056697
"17"	24500001	31500001	0.306943564539565	2213	0.134771212473647	0.779427712154917	135842	0.264911396459876	2	1	1	-9.08807750000502
"17"	32000001	36500001	0.377906815494715	3083	0.113790680426813	0.925149214152486	96199	0.211160428873427	2	1	1	-6.93501195388758
"17"	37000001	41500001	0.350610376435156	3100	0.0857725206253366	1.32314261740574	100069	0.253146070877034	3	2	1	-6.74282438578466
"17"	42000001	46500001	0.289612678563334	4163	0.125733005126724	1.21459977641131	98563	0.282130428988756	3	2	1	-7.17067224278615
"17"	47000001	81195148	0.399665143097675	29865	0.0711146479654576	2.10368998460769	760881	0.324892539296639	5	3	2	-6.86928173313667
"18"	1	10000001	0.420802931902292	9100	0.0713215516793977	0.966511649503056	222193	0.165364820781783	2	1	1	-6.73698417270835
"18"	10500001	15000001	0.420679176441462	3382	0.0726421354297022	0.955732513725909	99582	0.166648858336021	2	1	1	-6.74232150269937
"18"	18000001	78017155	0.421908986590311	44182	0.0699354135860368	0.96306285686706	1308624	0.164858974319827	2	1	1	-6.73526505547832
"19"	1	19500001	0.419330654003961	13855	0.07080680891971	0.978772843608217	425141	0.181500633278238	2	1	1	-6.81979447015687
"19"	20000001	24500001	0.414669600075169	3695	0.0780580496301245	0.944359881026055	98851	0.169813198749989	2	1	1	-6.7827992285584
"19"	27000001	59118281	0.418796004880743	24693	0.0730724214939122	0.970854231675045	694578	0.168808266073869	2	1	1	-6.77284542880912
"20"	1	21000001	0.190861210480886	9543	0.0828267284356197	0.606928772461301	456596	0.118821625119904	1	1	0	-6.78995346563477
"20"	21500001	26000001	0.204874116255176	2269	0.0875262529959894	0.612436149032347	98522	0.135617081682953	1	1	0	-6.77453799926246
"20"	28500001	33000001	0.413923436027717	2259	0.0754199652836892	0.986023797150771	76037	0.166560769466299	2	1	1	-6.79634950086717
"20"	33500001	62965491	0.422763804057437	24017	0.0693413169428477	0.98509576447239	651870	0.16541240784226	2	1	1	-7.0260693486619
"21"	8500001	11000001	0.331070826576546	978	0.116363040318336	0.91596746602663	27527	0.142604277741566	2	1	1	-7.2877813129552
"21"	13500001	18000001	0.412657614964501	2230	0.0784381454873041	0.941111541344332	79757	0.170877114559911	2	1	1	-6.80063450096553
"21"	18500001	42500001	0.421191767234844	21973	0.0683355216149933	0.952358864818126	535048	0.164582284648932	2	1	1	-6.81069095311982
"21"	43000001	48119782	0.424310091301212	5098	0.0650807351257762	0.979021815680849	113550	0.167105808315279	2	1	1	-6.7598406586873
"22"	15500001	20000001	0.414623785882655	2097	0.0796906560878464	0.97016119555402	81835	0.181232300661242	2	1	1	-6.74709856529968
"22"	20500001	51244197	0.423122916023251	25390	0.0688582948905957	0.993893319753797	677237	0.167797264048418	2	1	1	-7.29469552983596
